00000000000000000000000000000000
00000000000000000000000000000000
00000000000100010000000100110011
00000000001001010001010101100011
00000000000000000000000000000000
00000000000000000000000000000000
00000000000000000000000000000000
00000000000000000000000000000000
00000000000000010010000001101111
00000000000000000000000000000000
00000000000000000000000000000000
00000000000100011000000110110011
00000000001101010001000011100011
00000000000000000000000000000000
00000000000000000000000000000000
00000000000000000000000000000000
00000000000000010010000001101111
00000000000000000000000000000000
00000000000000000000000000000000
00000000000000000000000000000000